# Naive Bayes Model (Matrix Format)
# Binary classification: +1 (win), -1 (lose)
# Feature states: 0=x(1.0), 1=b(0.0), 2=o(-1.0)

TOTAL_SAMPLES 4382

CLASS_PROBABILITIES
0 0.5319488818 2331
1 0.4680511182 2051

FEATURE_PROBABILITIES
0 0 0 0.3496143959 815
0 0 1 0.3237585200 664
0 1 0 0.3753213368 875
0 1 1 0.3739045764 767
0 2 0 0.2750642674 641
0 2 1 0.3023369036 620
1 0 0 0.2982005141 695
1 0 1 0.4084712756 838
1 1 0 0.3783204799 882
1 1 1 0.3476144109 713
1 2 0 0.3234790060 754
1 2 1 0.2439143135 500
2 0 0 0.3568980291 832
2 0 1 0.3296007790 676
2 1 0 0.3684661525 859
2 1 1 0.3734177215 766
2 2 0 0.2746358183 640
2 2 1 0.2969814995 609
3 0 0 0.2994858612 698
3 0 1 0.4001947420 821
3 1 0 0.3736075407 871
3 1 1 0.3592989289 737
3 2 0 0.3269065981 762
3 2 1 0.2405063291 493
4 0 0 0.4061696658 947
4 0 1 0.2551119766 523
4 1 0 0.3804627249 887
4 1 1 0.3636806232 746
4 2 0 0.2133676093 497
4 2 1 0.3812074002 782
5 0 0 0.2926306769 682
5 0 1 0.4055501461 832
5 1 0 0.3774635818 880
5 1 1 0.3544303797 727
5 2 0 0.3299057412 769
5 2 1 0.2400194742 492
6 0 0 0.3586118252 836
6 0 1 0.3247322298 666
6 1 0 0.3620394173 844
6 1 1 0.3807205453 781
6 2 0 0.2793487575 651
6 2 1 0.2945472249 604
7 0 0 0.2964867181 691
7 0 1 0.4118792600 845
7 1 0 0.3800342759 886
7 1 1 0.3519961052 722
7 2 0 0.3234790060 754
7 2 1 0.2361246349 484
8 0 0 0.3500428449 816
8 0 1 0.3174294060 651
8 1 0 0.3658954584 853
8 1 1 0.3787731256 777
8 2 0 0.2840616967 662
8 2 1 0.3037974684 623
